12 9 108
1 
0 

1 
0 

1 
0 

1 
0 

1 
0 

1 
0 

1 
0 

1 
0 

1 
0 

1 
0 

1 
0 

1 
0 

1 
1 
1 
1 
2 
0.000000 0.000000 0.000000 
0.000000 0.000000 0.000000 0 0 

1 
1 
1 
1 
2 
0.000000 6.283185 0.000000 
0.000000 0.000000 0.000000 0 0 

1 
1 
1 
1 
2 
0.000000 0.000000 0.000000 
0.000000 0.000000 0.000000 0 0 

1 
1 
1 
1 
2 
0.000000 0.000000 0.000000 
0.000000 0.000000 0.000000 0 0 

1 
1 
1 
1 
2 
0.000000 0.000000 0.000000 
0.000000 0.000000 0.000000 0 0 

1 
1 
1 
1 
2 
0.000000 0.000000 0.000000 
0.000000 0.000000 0.000000 0 0 

1 
1 
1 
1 
2 
0.000000 0.000000 0.000000 
0.000000 0.000000 0.000000 0 0 

1 
1 
1 
1 
2 
0.000000 0.000000 0.000000 
0.000000 0.000000 0.000000 0 0 

1 
1 
1 
1 
2 
0.000000 0.000000 0.000000 
0.000000 0.000000 0.000000 0 0 

1 
1 
1 
1 
2 
0.000000 0.000000 0.000000 
0.000000 0.000000 0.000000 0 0 

1 
1 
1 
1 
2 
0.000000 0.000000 0.000000 
0.000000 0.000000 0.000000 0 0 

1 
1 
1 
1 
2 
0.000000 0.000000 0.000000 
0.000000 0.000000 0.000000 0 0 

1 
1 
1 
1 
2 
0.000000 0.000000 0.000000 
0.000000 0.000000 0.000000 0 0 

1 
1 
1 
1 
1 
0.000000 0.000000 0.000000 
0.000000 0.000000 0.000000 1 0 

1 
1 
1 
1 
1 
0.000000 0.000000 0.000000 
0.000000 0.000000 0.000000 1 0 

1 
1 
1 
1 
1 
0.000000 0.000000 0.000000 
0.000000 0.000000 0.000000 1 0 

1 
1 
1 
1 
1 
0.000000 0.000000 0.000000 
0.000000 0.000000 0.000000 1 0 

1 
1 
1 
1 
0 
0.000000 0.000000 0.000000 
0.000000 0.000000 0.000000 29 0 

1 
1 
1 
1 
1 
0.000000 0.000000 0.000000 
0.000000 0.000000 0.000000 1 0 

1 
1 
1 
1 
1 
0.000000 0.000000 0.000000 
0.000000 0.000000 0.000000 1 0 

1 
1 
1 
1 
1 
0.000000 0.000000 0.000000 
0.000000 0.000000 0.000000 1 0 

1 
1 
1 
1 
1 
0.000000 0.000000 0.000000 
0.000000 0.000000 0.000000 1 0 

1 
1 
1 
1 
1 
0.000000 0.000000 0.000000 
0.000000 0.000000 0.000000 1 0 

1 
1 
1 
1 
2 
0.000000 0.000000 0.000000 
0.000000 0.000000 0.000000 0 0 

1 
1 
1 
1 
2 
0.000000 0.000000 0.000000 
0.000000 0.000000 0.000000 0 0 

1 
1 
1 
1 
1 
0.000000 0.000000 0.000000 
0.000000 0.000000 0.000000 1 0 

1 
1 
1 
1 
1 
0.000000 0.000000 0.000000 
0.000000 0.000000 0.000000 1 0 

1 
1 
1 
1 
1 
0.000000 0.000000 0.000000 
0.000000 0.000000 0.000000 1 0 

1 
1 
1 
1 
1 
0.000000 0.000000 0.000000 
0.000000 0.000000 0.000000 1 0 

1 
1 
1 
1 
1 
0.000000 0.000000 0.000000 
0.000000 0.000000 0.000000 1 0 

1 
1 
1 
1 
1 
0.000000 0.000000 0.000000 
0.000000 0.000000 0.000000 1 0 

1 
1 
1 
1 
1 
0.000000 0.000000 0.000000 
0.000000 0.000000 0.000000 1 0 

1 
1 
1 
1 
1 
0.000000 0.000000 0.000000 
0.000000 0.000000 0.000000 1 0 

1 
1 
1 
1 
1 
0.000000 0.000000 0.000000 
0.000000 0.000000 0.000000 1 0 

1 
1 
1 
1 
1 
0.000000 0.000000 0.000000 
0.000000 0.000000 0.000000 1 0 

1 
1 
1 
1 
2 
0.000000 0.000000 0.000000 
0.000000 0.000000 0.000000 0 0 

1 
1 
1 
1 
2 
0.000000 0.000000 0.000000 
0.000000 1.000000 0.000000 0 0 

1 
1 
1 
1 
2 
0.000000 0.000000 0.000000 
0.000000 0.000000 0.000000 0 0 

1 
1 
1 
1 
1 
0.000000 0.000000 0.000000 
0.000000 0.000000 0.000000 1 0 

1 
1 
1 
1 
1 
0.000000 0.000000 0.000000 
0.000000 0.000000 0.000000 1 0 

1 
1 
1 
1 
1 
0.000000 0.000000 0.000000 
0.000000 0.000000 0.000000 1 0 

1 
1 
1 
1 
1 
0.000000 0.000000 0.000000 
0.000000 0.000000 0.000000 1 0 

1 
1 
1 
1 
1 
0.000000 0.000000 0.000000 
0.000000 0.000000 0.000000 1 0 

1 
1 
1 
1 
1 
0.000000 0.000000 0.000000 
0.000000 0.000000 0.000000 1 0 

1 
1 
1 
1 
1 
0.000000 0.000000 0.000000 
0.000000 0.000000 0.000000 1 0 

1 
1 
1 
1 
1 
0.000000 0.000000 0.000000 
0.000000 0.000000 0.000000 1 0 

1 
1 
1 
1 
2 
0.000000 0.000000 0.000000 
0.000000 0.000000 0.000000 0 0 

1 
1 
1 
1 
2 
0.000000 0.000000 0.000000 
0.000000 0.500000 0.000000 0 0 

1 
1 
1 
1 
2 
0.000000 0.000000 0.000000 
0.000000 1.000000 0.000000 0 0 

1 
1 
1 
1 
2 
0.000000 0.000000 0.000000 
0.000000 0.000000 0.000000 0 0 

1 
1 
1 
1 
1 
0.000000 0.000000 0.000000 
0.000000 1.000000 0.000000 1 0 

1 
1 
1 
1 
1 
0.000000 0.000000 0.000000 
0.000000 1.000000 0.000000 1 0 

1 
1 
1 
1 
1 
0.000000 0.000000 0.000000 
0.000000 0.500000 0.000000 1 0 

1 
1 
1 
1 
1 
0.000000 0.000000 0.000000 
0.000000 1.000000 0.000000 1 0 

1 
1 
1 
1 
1 
0.000000 0.000000 0.000000 
0.000000 2.000000 0.000000 1 0 

1 
1 
1 
1 
1 
0.000000 0.000000 0.000000 
0.000000 0.500000 0.000000 1 0 

1 
1 
1 
1 
1 
0.000000 0.000000 0.000000 
0.000000 0.500000 0.000000 1 0 

1 
1 
1 
1 
1 
0.000000 0.000000 0.000000 
0.000000 0.500000 0.000000 1 0 

1 
1 
1 
1 
2 
0.000000 0.000000 0.000000 
0.000000 1.000000 0.000000 0 0 

1 
1 
1 
1 
2 
0.000000 0.000000 0.000000 
0.000000 0.500000 0.000000 0 0 

1 
1 
1 
1 
0 
0.000000 0.000000 0.000000 
0.000000 2.500000 0.000000 0 0 

1 
1 
1 
1 
2 
0.000000 0.000000 0.000000 
0.000000 1.500000 0.000000 0 0 

1 
1 
1 
1 
2 
0.000000 0.000000 0.000000 
0.000000 1.000000 0.000000 0 0 

1 
1 
1 
1 
2 
0.000000 0.000000 0.000000 
0.000000 2.500000 0.000000 0 0 

1 
1 
1 
1 
2 
0.000000 0.000000 0.000000 
0.000000 1.000000 0.000000 0 0 

1 
1 
1 
1 
2 
0.000000 0.000000 0.000000 
0.000000 2.000000 0.000000 0 0 

1 
1 
1 
1 
2 
0.000000 0.000000 0.000000 
0.000000 2.500000 0.000000 0 0 

1 
1 
1 
1 
2 
0.000000 0.000000 0.000000 
0.000000 1.000000 0.000000 0 0 

1 
1 
1 
1 
2 
0.000000 0.000000 0.000000 
0.000000 1.500000 0.000000 0 0 

1 
1 
1 
1 
2 
0.000000 0.000000 0.000000 
0.000000 0.500000 0.000000 0 0 

1 
1 
1 
1 
2 
0.000000 0.000000 0.000000 
0.000000 2.000000 0.000000 0 0 

1 
1 
1 
1 
0 
0.000000 0.000000 0.000000 
0.000000 1.500000 0.000000 0 0 

1 
1 
1 
1 
0 
0.000000 0.000000 0.000000 
0.000000 3.500000 0.000000 0 0 

1 
1 
1 
1 
0 
0.000000 0.000000 0.000000 
0.000000 3.000000 0.000000 0 0 

1 
1 
1 
1 
0 
0.000000 0.000000 0.000000 
0.000000 4.500000 0.000000 0 0 

1 
1 
1 
1 
0 
0.000000 0.000000 0.000000 
0.000000 3.000000 0.000000 0 0 

1 
1 
1 
1 
0 
0.000000 0.000000 0.000000 
0.000000 3.500000 0.000000 0 0 

1 
1 
1 
1 
0 
0.000000 0.000000 0.000000 
0.000000 2.500000 0.000000 0 0 

1 
1 
1 
1 
0 
0.000000 0.000000 0.000000 
0.000000 3.000000 0.000000 0 0 

1 
1 
1 
1 
0 
0.000000 0.000000 0.000000 
0.000000 3.000000 0.000000 0 0 

1 
1 
1 
1 
0 
0.000000 0.000000 0.000000 
0.000000 3.500000 0.000000 0 0 

1 
1 
1 
1 
0 
0.000000 0.000000 0.000000 
0.000000 2.500000 0.000000 0 0 

1 
1 
1 
1 
0 
0.000000 0.000000 0.000000 
0.000000 3.000000 0.000000 0 0 

1 
1 
1 
1 
0 
0.000000 0.000000 0.000000 
0.000000 3.500000 0.000000 0 0 

1 
0 

1 
0 

1 
0 

1 
0 

1 
0 

1 
0 

1 
0 

1 
0 

1 
0 

1 
0 

1 
0 

1 
0 

