10 10 100
1 
1 
2 
2 
2 
0.000000 0.000000 0.000000 
4 

1 
1 
2 
2 
2 
0.000000 0.000000 0.000000 
4 

1 
1 
2 
2 
2 
0.000000 0.000000 0.000000 
4 

1 
1 
2 
2 
2 
0.000000 0.000000 0.000000 
4 

1 
1 
2 
2 
2 
0.000000 0.000000 0.000000 
4 

1 
1 
2 
2 
2 
0.000000 0.000000 0.000000 
4 

1 
1 
2 
2 
2 
0.000000 0.000000 0.000000 
4 

1 
1 
2 
2 
2 
0.000000 0.000000 0.000000 
4 

1 
1 
2 
2 
2 
0.000000 0.000000 0.000000 
4 

1 
1 
2 
2 
2 
0.000000 0.000000 0.000000 
4 

1 
1 
1 
1 
2 
0.000000 0.000000 0.000000 
0.000000 4.000000 0.000000 1 0 

1 
1 
1 
1 
2 
0.000000 0.000000 0.000000 
0.000000 0.000000 0.000000 0 0 

1 
1 
1 
1 
1 
0.000000 0.000000 0.000000 
0.000000 0.000000 0.000000 1 0 

1 
1 
1 
1 
1 
0.000000 0.000000 0.000000 
0.000000 0.000000 0.000000 1 0 

1 
1 
1 
1 
1 
0.000000 0.000000 0.000000 
0.000000 0.000000 0.000000 1 0 

1 
1 
1 
1 
1 
0.000000 0.000000 0.000000 
0.000000 0.000000 0.000000 1 0 

1 
1 
1 
1 
1 
0.000000 0.000000 0.000000 
0.000000 0.000000 0.000000 1 0 

1 
1 
1 
1 
1 
0.000000 0.000000 0.000000 
0.000000 0.000000 0.000000 1 0 

1 
1 
1 
1 
2 
0.000000 0.000000 0.000000 
0.000000 0.000000 0.000000 0 0 

1 
1 
1 
1 
2 
0.000000 0.000000 0.000000 
0.000000 4.000000 0.000000 1 0 

1 
1 
1 
1 
2 
0.000000 0.000000 0.000000 
0.000000 4.000000 0.000000 1 0 

1 
1 
1 
1 
1 
0.000000 0.000000 0.000000 
0.000000 4.000000 0.000000 1 0 

1 
1 
1 
1 
1 
0.000000 0.000000 0.000000 
0.000000 0.500000 0.000000 1 0 

1 
1 
1 
1 
1 
0.000000 0.000000 0.000000 
0.000000 0.500000 0.000000 1 0 

1 
1 
1 
1 
1 
0.000000 0.000000 0.000000 
0.000000 0.500000 0.000000 1 0 

1 
1 
1 
1 
1 
0.000000 0.000000 0.000000 
0.000000 0.500000 0.000000 1 0 

1 
1 
1 
1 
1 
0.000000 0.000000 0.000000 
0.000000 0.500000 0.000000 1 0 

1 
1 
1 
1 
1 
0.000000 0.000000 0.000000 
0.000000 0.500000 0.000000 1 0 

1 
1 
1 
1 
2 
0.000000 0.000000 0.000000 
0.000000 4.000000 0.000000 1 0 

1 
1 
1 
1 
2 
0.000000 0.000000 0.000000 
0.000000 4.000000 0.000000 1 0 

1 
1 
1 
1 
2 
0.000000 0.000000 0.000000 
0.000000 4.000000 0.000000 1 0 

1 
1 
1 
1 
2 
0.000000 0.000000 0.000000 
0.000000 4.000000 0.000000 1 0 

1 
3 
1 
1 
1 
0.000000 0.000000 0.000000 
0.000000 0.500000 0.000000 1 0 
2 
2 
0 
0.000000 0.000000 0.000000 
6 
-51.000004 136.000000 41.650002
51.000004 136.000000 41.650002
-51.000004 33.999996 41.650002
51.000004 33.999996 41.650002
2 
2 
0 
-1.570796 0.000000 0.000000 
1 
-42.500000 0.000000 382.500000
42.500000 0.000000 382.500000
-42.500000 -0.000000 -297.500000
42.500000 -0.000000 -297.500000

1 
2 
2 
2 
0 
-1.570796 0.000000 0.000000 
1 
-42.500000 0.000000 382.500000
42.500000 0.000000 382.500000
-42.500000 -0.000000 -297.500000
42.500000 -0.000000 -297.500000
2 
2 
2 
0.000000 0.000000 0.000000 
4 

1 
2 
2 
2 
0 
-1.570796 0.000000 0.000000 
1 
-42.500000 0.000000 382.500000
42.500000 0.000000 382.500000
-42.500000 -0.000000 -297.500000
42.500000 -0.000000 -297.500000
2 
2 
2 
0.000000 0.000000 0.000000 
4 

1 
2 
2 
2 
0 
-1.570796 0.000000 0.000000 
1 
-42.500000 0.000000 382.500000
42.500000 0.000000 382.500000
-42.500000 -0.000000 -297.500000
42.500000 -0.000000 -297.500000
2 
2 
2 
0.000000 0.000000 0.000000 
4 

1 
2 
2 
2 
0 
-1.570796 0.000000 0.000000 
1 
-42.500000 0.000000 382.500000
42.500000 0.000000 382.500000
-42.500000 -0.000000 -297.500000
42.500000 -0.000000 -297.500000
2 
2 
2 
0.000000 0.000000 0.000000 
4 

1 
3 
1 
1 
1 
0.000000 0.000000 0.000000 
0.000000 0.500000 0.000000 1 0 
2 
2 
0 
0.000000 0.000000 0.000000 
6 
-51.000004 136.000000 41.650002
51.000004 136.000000 41.650002
-51.000004 33.999996 41.650002
51.000004 33.999996 41.650002
2 
2 
0 
-1.570796 0.000000 0.000000 
1 
-42.500000 0.000000 382.500000
42.500000 0.000000 382.500000
-42.500000 -0.000000 -297.500000
42.500000 -0.000000 -297.500000

1 
1 
1 
1 
2 
0.000000 0.000000 0.000000 
0.000000 4.000000 0.000000 1 0 

1 
1 
1 
1 
2 
0.000000 0.000000 0.000000 
0.000000 4.000000 0.000000 1 0 

1 
1 
1 
1 
2 
0.000000 0.000000 0.000000 
0.000000 4.000000 0.000000 1 0 

1 
1 
1 
1 
2 
0.000000 0.000000 0.000000 
0.000000 4.000000 0.000000 1 0 

1 
1 
1 
1 
2 
0.000000 0.000000 0.000000 
0.000000 4.000000 0.000000 1 0 

1 
1 
1 
1 
2 
0.000000 0.000000 0.000000 
0.000000 4.000000 0.000000 1 0 

1 
1 
1 
1 
2 
0.000000 0.000000 0.000000 
0.000000 4.000000 0.000000 1 0 

1 
1 
1 
1 
2 
0.000000 0.000000 0.000000 
0.000000 4.000000 0.000000 1 0 

1 
1 
1 
1 
2 
0.000000 0.000000 0.000000 
0.000000 4.000000 0.000000 1 0 

1 
1 
1 
1 
2 
0.000000 0.000000 0.000000 
0.000000 4.000000 0.000000 1 0 

1 
1 
1 
1 
2 
0.000000 0.000000 0.000000 
0.000000 4.000000 0.000000 1 0 

1 
1 
1 
1 
2 
0.000000 0.000000 0.000000 
0.000000 4.000000 0.000000 1 0 

1 
1 
1 
1 
2 
0.000000 0.000000 0.000000 
0.000000 4.000000 0.000000 1 0 

1 
1 
1 
1 
2 
0.000000 0.000000 0.000000 
0.000000 4.000000 0.000000 1 0 

1 
1 
1 
1 
2 
0.000000 0.000000 0.000000 
0.000000 0.500000 0.000000 0 0 

1 
1 
1 
1 
2 
0.000000 0.000000 0.000000 
0.000000 0.500000 0.000000 0 0 

1 
1 
1 
1 
2 
0.000000 0.000000 0.000000 
0.000000 0.500000 0.000000 0 0 

1 
1 
1 
1 
2 
0.000000 0.000000 0.000000 
0.000000 0.500000 0.000000 0 0 

1 
1 
1 
1 
2 
0.000000 0.000000 0.000000 
0.000000 0.500000 0.000000 0 0 

1 
1 
1 
1 
2 
0.000000 0.000000 0.000000 
0.000000 0.500000 0.000000 0 0 

1 
1 
1 
1 
2 
0.000000 0.000000 0.000000 
0.000000 4.000000 0.000000 1 0 

1 
1 
1 
1 
2 
0.000000 0.000000 0.000000 
0.000000 4.000000 0.000000 1 0 

1 
1 
1 
1 
2 
0.000000 0.000000 0.000000 
0.000000 4.000000 0.000000 1 0 

1 
1 
1 
1 
2 
0.000000 0.000000 0.000000 
0.000000 4.000000 0.000000 1 0 

1 
1 
1 
1 
2 
0.000000 0.000000 0.000000 
0.000000 4.000000 0.000000 1 0 

1 
1 
1 
1 
2 
0.000000 0.000000 0.000000 
0.000000 4.000000 0.000000 1 0 

1 
1 
1 
1 
1 
0.000000 0.000000 0.000000 
0.000000 1.000000 0.000000 0 0 

1 
1 
1 
1 
1 
0.000000 0.000000 0.000000 
0.000000 1.000000 0.000000 0 0 

1 
1 
1 
1 
2 
0.000000 0.000000 0.000000 
0.000000 4.000000 0.000000 1 0 

1 
1 
1 
1 
2 
0.000000 0.000000 0.000000 
0.000000 4.000000 0.000000 1 0 

1 
1 
1 
1 
2 
0.000000 0.000000 0.000000 
0.000000 4.000000 0.000000 1 0 

1 
1 
1 
1 
2 
0.000000 0.000000 0.000000 
0.000000 4.000000 0.000000 1 0 

1 
1 
1 
1 
2 
0.000000 0.000000 0.000000 
0.000000 4.000000 0.000000 1 0 

1 
1 
1 
1 
2 
0.000000 0.000000 0.000000 
0.000000 4.000000 0.000000 1 0 

1 
1 
1 
1 
2 
0.000000 0.000000 0.000000 
0.000000 4.000000 0.000000 1 0 

1 
1 
1 
1 
2 
0.000000 0.000000 0.000000 
0.000000 4.000000 0.000000 1 0 

1 
1 
1 
1 
2 
0.000000 0.000000 0.000000 
0.000000 4.000000 0.000000 1 0 

1 
1 
1 
1 
2 
0.000000 0.000000 0.000000 
0.000000 4.000000 0.000000 1 0 

1 
1 
1 
1 
2 
0.000000 0.000000 0.000000 
0.000000 4.000000 0.000000 1 0 

1 
1 
1 
1 
2 
0.000000 0.000000 0.000000 
0.000000 4.000000 0.000000 1 0 

1 
1 
1 
1 
2 
0.000000 0.000000 0.000000 
0.000000 4.000000 0.000000 1 0 

1 
1 
1 
1 
2 
0.000000 0.000000 0.000000 
0.000000 4.000000 0.000000 1 0 

1 
0 

1 
0 

1 
0 

1 
0 

1 
0 

1 
0 

1 
0 

1 
0 

1 
0 

1 
0 

1 
0 

1 
0 

1 
0 

1 
0 

1 
0 

1 
0 

1 
0 

1 
0 

1 
0 

1 
0 

