10 10 100
1 
1 
1 
1 
0 
0.000000 0.000000 0.000000 
0.000000 0.500000 0.000000 0 0 

1 
1 
1 
1 
1 
0.000000 0.000000 0.000000 
0.000000 0.000000 0.000000 0 0 

1 
2 
1 
1 
1 
0.000000 6.283185 0.000000 
0.000000 0.000000 0.000000 0 0 
1 
1 
0 
0.000000 3.926990 0.000000 
0.000000 0.150000 0.000000 23 1 

1 
1 
1 
1 
1 
0.000000 0.000000 0.000000 
0.000000 0.000000 0.000000 0 0 

1 
1 
1 
1 
0 
0.000000 0.000000 0.000000 
0.000000 0.000000 0.000000 0 0 

1 
1 
1 
1 
0 
0.000000 0.000000 0.000000 
0.000000 0.000000 0.000000 0 0 

1 
1 
1 
1 
1 
0.000000 0.000000 0.000000 
0.000000 0.000000 0.000000 0 0 

1 
1 
1 
1 
1 
0.000000 0.000000 0.000000 
0.000000 0.000000 0.000000 0 0 

1 
1 
1 
1 
1 
0.000000 0.000000 0.000000 
0.000000 0.000000 0.000000 0 0 

1 
1 
1 
1 
0 
0.000000 0.000000 0.000000 
0.000000 0.500000 0.000000 0 0 

1 
1 
1 
1 
1 
0.000000 0.000000 0.000000 
0.000000 0.500000 0.000000 0 0 

1 
1 
1 
1 
1 
0.000000 0.000000 0.000000 
0.000000 0.000000 0.000000 0 0 

1 
1 
1 
1 
1 
0.000000 0.000000 0.000000 
0.000000 0.000000 0.000000 0 0 

1 
1 
1 
1 
1 
0.000000 0.000000 0.000000 
0.000000 0.000000 0.000000 0 0 

1 
1 
1 
1 
1 
0.000000 0.000000 0.000000 
0.000000 0.000000 0.000000 0 0 

1 
1 
1 
1 
1 
0.000000 0.000000 0.000000 
0.000000 0.000000 0.000000 0 0 

1 
2 
1 
1 
1 
0.000000 0.000000 0.000000 
0.000000 0.000000 0.000000 0 0 
1 
1 
0 
0.000000 5.890486 0.000000 
0.000000 0.150000 0.000000 23 1 

1 
1 
1 
1 
1 
0.000000 0.000000 0.000000 
0.000000 0.000000 0.000000 0 0 

1 
1 
1 
1 
1 
0.000000 0.000000 0.000000 
0.000000 0.000000 0.000000 0 0 

1 
1 
1 
1 
1 
0.000000 0.000000 0.000000 
0.000000 0.500000 0.000000 0 0 

1 
1 
1 
1 
1 
0.000000 0.000000 0.000000 
0.000000 0.500000 0.000000 0 0 

1 
1 
1 
1 
1 
0.000000 0.000000 0.000000 
0.000000 0.000000 0.000000 1 0 

1 
1 
1 
1 
1 
0.000000 0.000000 0.000000 
0.000000 0.000000 0.000000 1 0 

1 
1 
1 
1 
1 
0.000000 0.000000 0.000000 
0.000000 0.000000 0.000000 0 0 

1 
1 
1 
1 
1 
0.000000 0.000000 0.000000 
0.000000 0.000000 0.000000 1 0 

1 
1 
1 
1 
1 
0.000000 0.000000 0.000000 
0.000000 0.000000 0.000000 1 0 

1 
1 
1 
1 
1 
0.000000 0.000000 0.000000 
0.000000 0.000000 0.000000 0 0 

1 
1 
1 
1 
1 
0.000000 0.000000 0.000000 
0.000000 0.000000 0.000000 1 0 

1 
1 
1 
1 
1 
0.000000 0.000000 0.000000 
0.000000 0.000000 0.000000 1 0 

1 
1 
1 
1 
1 
0.000000 0.000000 0.000000 
0.000000 0.500000 0.000000 0 0 

1 
2 
1 
1 
1 
0.000000 0.000000 0.000000 
0.000000 0.500000 0.000000 0 0 
1 
1 
0 
0.000000 5.890486 0.000000 
0.000000 1.500000 0.000000 22 1 

1 
1 
1 
1 
1 
0.000000 0.000000 0.000000 
0.000000 0.000000 0.000000 1 0 

1 
2 
1 
1 
1 
0.000000 0.000000 0.000000 
0.000000 0.000000 0.000000 1 0 
2 
2 
0 
0.000000 0.000000 0.000000 
10 
-144.500000 144.500000 41.650002
59.500008 144.500000 41.650002
-144.500000 -59.500008 41.650002
59.500008 -59.500008 41.650002

1 
2 
1 
1 
1 
0.000000 0.000000 0.000000 
0.000000 0.000000 0.000000 0 0 
1 
1 
0 
0.000000 8.246680 0.000000 
0.000000 0.150000 0.000000 23 1 

1 
1 
1 
1 
1 
0.000000 0.000000 0.000000 
0.000000 0.000000 0.000000 1 0 

1 
2 
1 
1 
1 
0.000000 0.000000 0.000000 
0.000000 0.000000 0.000000 1 0 
2 
2 
0 
0.000000 0.000000 0.000000 
10 
-144.500000 144.500000 41.650002
59.500008 144.500000 41.650002
-144.500000 -59.500008 41.650002
59.500008 -59.500008 41.650002

1 
1 
1 
1 
1 
0.000000 0.000000 0.000000 
0.000000 0.000000 0.000000 0 0 

1 
1 
1 
1 
1 
0.000000 0.000000 0.000000 
0.000000 0.000000 0.000000 1 0 

1 
2 
1 
1 
1 
0.000000 0.000000 0.000000 
0.000000 0.000000 0.000000 1 0 
2 
2 
0 
0.000000 0.000000 0.000000 
10 
-144.500000 144.500000 41.650002
59.500008 144.500000 41.650002
-144.500000 -59.500008 41.650002
59.500008 -59.500008 41.650002

1 
2 
1 
1 
1 
0.000000 0.000000 0.000000 
0.000000 0.500000 0.000000 0 0 
1 
1 
0 
0.000000 5.890486 0.000000 
0.000000 1.750000 0.000000 22 1 

1 
2 
1 
1 
1 
0.000000 0.000000 0.000000 
0.000000 2.000000 0.000000 0 0 
1 
1 
0 
0.000000 4.712389 0.000000 
0.000000 2.250000 0.000000 24 1 

1 
1 
1 
1 
1 
0.000000 0.000000 0.000000 
0.000000 2.000000 0.000000 1 0 

1 
1 
1 
1 
1 
0.000000 0.000000 0.000000 
0.000000 2.000000 0.000000 1 0 

1 
2 
1 
1 
1 
0.000000 0.000000 0.000000 
0.000000 2.000000 0.000000 0 0 
1 
1 
0 
0.000000 0.000000 0.000000 
0.000000 2.250000 0.000000 24 1 

1 
1 
1 
1 
1 
0.000000 0.000000 0.000000 
0.000000 2.000000 0.000000 1 0 

1 
1 
1 
1 
1 
0.000000 0.000000 0.000000 
0.000000 2.000000 0.000000 1 0 

1 
2 
1 
1 
1 
0.000000 0.000000 0.000000 
0.000000 2.000000 0.000000 0 0 
1 
1 
0 
0.000000 0.000000 0.000000 
0.000000 2.250000 0.000000 24 1 

1 
1 
1 
1 
1 
0.000000 0.000000 0.000000 
0.000000 2.000000 0.000000 1 0 

1 
1 
1 
1 
1 
0.000000 0.000000 0.000000 
0.000000 2.000000 0.000000 1 0 

1 
2 
1 
1 
1 
0.000000 0.000000 0.000000 
0.000000 2.000000 0.000000 0 0 
1 
1 
0 
0.000000 4.712389 0.000000 
0.000000 2.250000 0.000000 24 1 

1 
2 
1 
1 
1 
0.000000 0.000000 0.000000 
0.000000 2.000000 0.000000 0 0 
1 
1 
0 
0.000000 4.712389 0.000000 
0.000000 2.250000 0.000000 24 1 

1 
1 
1 
1 
1 
0.000000 0.000000 0.000000 
0.000000 2.000000 0.000000 1 0 

1 
1 
1 
1 
1 
0.000000 0.000000 0.000000 
0.000000 2.000000 0.000000 1 0 

1 
1 
1 
1 
1 
0.000000 0.000000 0.000000 
0.000000 2.000000 0.000000 0 0 

1 
1 
1 
1 
1 
0.000000 0.000000 0.000000 
0.000000 2.000000 0.000000 1 0 

1 
1 
1 
1 
1 
0.000000 0.000000 0.000000 
0.000000 2.000000 0.000000 1 0 

1 
1 
1 
1 
1 
0.000000 0.000000 0.000000 
0.000000 2.000000 0.000000 0 0 

1 
1 
1 
1 
1 
0.000000 0.000000 0.000000 
0.000000 2.000000 0.000000 1 0 

1 
1 
1 
1 
1 
0.000000 0.000000 0.000000 
0.000000 2.000000 0.000000 1 0 

1 
2 
1 
1 
1 
0.000000 0.000000 0.000000 
0.000000 2.000000 0.000000 0 0 
1 
1 
0 
0.000000 4.712389 0.000000 
0.000000 2.250000 0.000000 24 1 

1 
2 
1 
1 
1 
0.000000 0.000000 0.000000 
0.000000 2.000000 0.000000 0 0 
1 
1 
0 
0.000000 3.926990 0.000000 
0.000000 2.500000 0.000000 22 1 

1 
2 
1 
1 
1 
0.000000 0.000000 0.000000 
0.000000 2.000000 0.000000 0 0 
1 
1 
0 
0.000000 0.000000 0.000000 
0.000000 2.250000 0.000000 24 1 

1 
2 
1 
1 
1 
0.000000 0.000000 0.000000 
0.000000 2.000000 0.000000 0 0 
1 
1 
0 
0.000000 0.000000 0.000000 
0.000000 2.250000 0.000000 24 1 

1 
2 
1 
1 
1 
0.000000 0.000000 0.000000 
0.000000 2.000000 0.000000 0 0 
1 
1 
0 
0.000000 5.105088 0.000000 
0.000000 1.750000 0.000000 22 1 

1 
2 
1 
1 
1 
0.000000 0.000000 0.000000 
0.000000 2.000000 0.000000 0 0 
1 
1 
0 
0.000000 0.000000 0.000000 
0.000000 2.250000 0.000000 24 1 

1 
2 
1 
1 
1 
0.000000 0.000000 0.000000 
0.000000 2.000000 0.000000 0 0 
1 
1 
0 
0.000000 0.000000 0.000000 
0.000000 2.250000 0.000000 24 1 

1 
2 
1 
1 
1 
0.000000 0.000000 0.000000 
0.000000 2.000000 0.000000 0 0 
1 
1 
0 
0.000000 3.534291 0.000000 
0.000000 1.750000 0.000000 22 1 

1 
2 
1 
1 
1 
0.000000 0.000000 0.000000 
0.000000 2.000000 0.000000 0 0 
1 
1 
0 
0.000000 0.000000 0.000000 
0.000000 2.250000 0.000000 24 1 

1 
2 
1 
1 
1 
0.000000 0.000000 0.000000 
0.000000 2.000000 0.000000 0 0 
1 
1 
0 
0.000000 0.000000 0.000000 
0.000000 2.250000 0.000000 24 1 

1 
2 
1 
1 
1 
0.000000 0.000000 0.000000 
0.000000 2.000000 0.000000 0 0 
1 
1 
0 
0.000000 5.105088 0.000000 
0.000000 2.500000 0.000000 22 1 

1 
0 

1 
0 

1 
0 

1 
0 

1 
0 

1 
0 

1 
0 

1 
0 

1 
0 

1 
0 

1 
0 

1 
0 

1 
0 

1 
0 

1 
0 

1 
0 

1 
0 

1 
0 

1 
0 

1 
0 

1 
0 

1 
0 

1 
0 

1 
0 

1 
0 

1 
0 

1 
0 

1 
0 

1 
0 

1 
0 

