10 10 100
1 
1 
1 
1 
0 
0.000000 0.000000 0.000000 
0.000000 0.500000 0.000000 0 0 

1 
1 
1 
1 
1 
0.000000 0.000000 0.000000 
0.000000 0.000000 0.000000 0 0 

1 
1 
1 
1 
1 
0.000000 0.000000 0.000000 
0.000000 0.000000 0.000000 0 0 

1 
1 
1 
1 
1 
0.000000 0.000000 0.000000 
0.000000 0.000000 0.000000 0 0 

1 
1 
1 
1 
0 
0.000000 0.000000 0.000000 
0.000000 0.000000 0.000000 0 0 

1 
1 
1 
1 
0 
0.000000 0.000000 0.000000 
0.000000 0.000000 0.000000 0 0 

1 
1 
1 
1 
1 
0.000000 0.000000 0.000000 
0.000000 0.000000 0.000000 0 0 

1 
1 
1 
1 
1 
0.000000 0.000000 0.000000 
0.000000 0.000000 0.000000 0 0 

1 
1 
1 
1 
1 
0.000000 0.000000 0.000000 
0.000000 0.000000 0.000000 0 0 

1 
1 
1 
1 
0 
0.000000 0.000000 0.000000 
0.000000 0.500000 0.000000 0 0 

1 
1 
1 
1 
1 
0.000000 0.000000 0.000000 
0.000000 0.500000 0.000000 0 0 

1 
1 
1 
1 
1 
0.000000 0.000000 0.000000 
0.000000 0.000000 0.000000 0 0 

1 
1 
1 
1 
1 
0.000000 0.000000 0.000000 
0.000000 0.000000 0.000000 0 0 

1 
1 
1 
1 
1 
0.000000 0.000000 0.000000 
0.000000 0.000000 0.000000 0 0 

1 
1 
1 
1 
1 
0.000000 0.000000 0.000000 
0.000000 0.000000 0.000000 0 0 

1 
1 
1 
1 
1 
0.000000 0.000000 0.000000 
0.000000 0.000000 0.000000 0 0 

1 
1 
1 
1 
1 
0.000000 0.000000 0.000000 
0.000000 0.000000 0.000000 0 0 

1 
1 
1 
1 
1 
0.000000 0.000000 0.000000 
0.000000 0.000000 0.000000 0 0 

1 
1 
1 
1 
1 
0.000000 0.000000 0.000000 
0.000000 0.000000 0.000000 0 0 

1 
1 
1 
1 
1 
0.000000 0.000000 0.000000 
0.000000 0.500000 0.000000 0 0 

1 
1 
1 
1 
1 
0.000000 0.000000 0.000000 
0.000000 0.500000 0.000000 0 0 

1 
1 
1 
1 
1 
0.000000 0.000000 0.000000 
0.000000 0.000000 0.000000 1 0 

1 
1 
1 
1 
1 
0.000000 0.000000 0.000000 
0.000000 0.000000 0.000000 1 0 

1 
1 
1 
1 
1 
0.000000 0.000000 0.000000 
0.000000 0.000000 0.000000 0 0 

1 
1 
1 
1 
1 
0.000000 0.000000 0.000000 
0.000000 0.000000 0.000000 1 0 

1 
1 
1 
1 
1 
0.000000 0.000000 0.000000 
0.000000 0.000000 0.000000 1 0 

1 
1 
1 
1 
1 
0.000000 0.000000 0.000000 
0.000000 0.000000 0.000000 0 0 

1 
1 
1 
1 
1 
0.000000 0.000000 0.000000 
0.000000 0.000000 0.000000 1 0 

1 
1 
1 
1 
1 
0.000000 0.000000 0.000000 
0.000000 0.000000 0.000000 1 0 

1 
1 
1 
1 
1 
0.000000 0.000000 0.000000 
0.000000 0.500000 0.000000 0 0 

1 
1 
1 
1 
1 
0.000000 0.000000 0.000000 
0.000000 0.500000 0.000000 0 0 

1 
1 
1 
1 
1 
0.000000 0.000000 0.000000 
0.000000 0.000000 0.000000 1 0 

1 
2 
1 
1 
1 
0.000000 0.000000 0.000000 
0.000000 0.000000 0.000000 1 0 
2 
2 
0 
0.000000 0.000000 0.000000 
10 
-144.500000 144.500000 41.650002
59.500008 144.500000 41.650002
-144.500000 -59.500008 41.650002
59.500008 -59.500008 41.650002

1 
1 
1 
1 
1 
0.000000 0.000000 0.000000 
0.000000 0.000000 0.000000 0 0 

1 
1 
1 
1 
1 
0.000000 0.000000 0.000000 
0.000000 0.000000 0.000000 1 0 

1 
2 
1 
1 
1 
0.000000 0.000000 0.000000 
0.000000 0.000000 0.000000 1 0 
2 
2 
0 
0.000000 0.000000 0.000000 
10 
-144.500000 144.500000 41.650002
59.500008 144.500000 41.650002
-144.500000 -59.500008 41.650002
59.500008 -59.500008 41.650002

1 
1 
1 
1 
1 
0.000000 0.000000 0.000000 
0.000000 0.000000 0.000000 0 0 

1 
1 
1 
1 
1 
0.000000 0.000000 0.000000 
0.000000 0.000000 0.000000 1 0 

1 
2 
1 
1 
1 
0.000000 0.000000 0.000000 
0.000000 0.000000 0.000000 1 0 
2 
2 
0 
0.000000 0.000000 0.000000 
10 
-144.500000 144.500000 41.650002
59.500008 144.500000 41.650002
-144.500000 -59.500008 41.650002
59.500008 -59.500008 41.650002

1 
1 
1 
1 
1 
0.000000 0.000000 0.000000 
0.000000 0.500000 0.000000 0 0 

1 
1 
1 
1 
1 
0.000000 0.000000 0.000000 
0.000000 4.000000 0.000000 0 0 

1 
1 
1 
1 
1 
0.000000 0.000000 0.000000 
0.000000 2.000000 0.000000 1 0 

1 
1 
1 
1 
1 
0.000000 0.000000 0.000000 
0.000000 2.000000 0.000000 1 0 

1 
1 
1 
1 
1 
0.000000 0.000000 0.000000 
0.000000 2.000000 0.000000 0 0 

1 
1 
1 
1 
1 
0.000000 0.000000 0.000000 
0.000000 2.000000 0.000000 1 0 

1 
1 
1 
1 
1 
0.000000 0.000000 0.000000 
0.000000 2.000000 0.000000 1 0 

1 
1 
1 
1 
1 
0.000000 0.000000 0.000000 
0.000000 2.000000 0.000000 0 0 

1 
1 
1 
1 
1 
0.000000 0.000000 0.000000 
0.000000 2.000000 0.000000 1 0 

1 
1 
1 
1 
1 
0.000000 0.000000 0.000000 
0.000000 2.000000 0.000000 1 0 

1 
1 
1 
1 
1 
0.000000 0.000000 0.000000 
0.000000 4.000000 0.000000 0 0 

1 
1 
1 
1 
1 
0.000000 0.000000 0.000000 
0.000000 2.500000 0.000000 0 0 

1 
1 
1 
1 
1 
0.000000 0.000000 0.000000 
0.000000 2.000000 0.000000 1 0 

1 
1 
1 
1 
1 
0.000000 0.000000 0.000000 
0.000000 2.000000 0.000000 1 0 

1 
1 
1 
1 
1 
0.000000 0.000000 0.000000 
0.000000 2.000000 0.000000 0 0 

1 
1 
1 
1 
1 
0.000000 0.000000 0.000000 
0.000000 2.000000 0.000000 1 0 

1 
1 
1 
1 
1 
0.000000 0.000000 0.000000 
0.000000 2.000000 0.000000 1 0 

1 
1 
1 
1 
1 
0.000000 0.000000 0.000000 
0.000000 2.000000 0.000000 0 0 

1 
1 
1 
1 
1 
0.000000 0.000000 0.000000 
0.000000 2.000000 0.000000 1 0 

1 
1 
1 
1 
1 
0.000000 0.000000 0.000000 
0.000000 2.000000 0.000000 1 0 

1 
1 
1 
1 
1 
0.000000 0.000000 0.000000 
0.000000 2.500000 0.000000 0 0 

1 
1 
1 
1 
1 
0.000000 0.000000 0.000000 
0.000000 4.000000 0.000000 0 0 

1 
1 
1 
1 
1 
0.000000 0.000000 0.000000 
0.000000 4.000000 0.000000 0 0 

1 
1 
1 
1 
1 
0.000000 0.000000 0.000000 
0.000000 4.000000 0.000000 0 0 

1 
1 
1 
1 
1 
0.000000 0.000000 0.000000 
0.000000 4.000000 0.000000 0 0 

1 
1 
1 
1 
1 
0.000000 0.000000 0.000000 
0.000000 4.000000 0.000000 0 0 

1 
1 
1 
1 
1 
0.000000 0.000000 0.000000 
0.000000 4.000000 0.000000 0 0 

1 
1 
1 
1 
1 
0.000000 0.000000 0.000000 
0.000000 4.000000 0.000000 0 0 

1 
1 
1 
1 
1 
0.000000 0.000000 0.000000 
0.000000 4.000000 0.000000 0 0 

1 
1 
1 
1 
1 
0.000000 0.000000 0.000000 
0.000000 4.000000 0.000000 0 0 

1 
1 
1 
1 
1 
0.000000 0.000000 0.000000 
0.000000 4.000000 0.000000 0 0 

1 
0 

1 
0 

1 
0 

1 
0 

1 
0 

1 
0 

1 
0 

1 
0 

1 
0 

1 
0 

1 
0 

1 
0 

1 
0 

1 
0 

1 
0 

1 
0 

1 
0 

1 
0 

1 
0 

1 
0 

1 
0 

1 
0 

1 
0 

1 
0 

1 
0 

1 
0 

1 
0 

1 
0 

1 
0 

1 
0 

